0	0	0.007156071096115271	6.251779937928673E-4	0.6316426065374864	0.04391619691240631	3.28178529870704E-4	2.1751721942451415E-4	2.748634037711527E-4	2.839522021242796E-4	6.211009930654368E-4	3.604422297149237E-4	1.8955926311670156E-4	1.9920103434822569E-4	0.03823908788534321	0.2758353572726212	1.1068742679880185E-4
1	1	0.002907036337801353	0.0019981110418860882	0.9806313998140062	6.093804888590827E-4	0.001048880719979172	6.951997067198104E-4	8.78481980393406E-4	9.075303930489475E-4	0.00198508067253186	0.001151997681150062	6.058441923513415E-4	6.366599436290983E-4	0.0024292066926764754	0.0031614258520831417	3.537644828840861E-4
2	2	0.12029101425147759	0.0019590010557926593	0.8048491926222595	5.974527921769259E-4	0.0010283504744061686	6.815922293113963E-4	8.612870311056612E-4	8.897668652432031E-4	0.001946225736109622	0.0011294490778217341	5.939857132974049E-4	6.241982930903608E-4	0.0023816586645754134	0.06181998511240396	3.4684008092848424E-4
3	3	0.10342538851066209	0.015922591449679297	0.7833222646149933	4.4179752389509296E-4	7.604327893984455E-4	5.040159878050044E-4	0.029584838364206122	6.5795457491466E-4	0.015913144503114082	8.351920226685813E-4	4.392337282543693E-4	4.6157497950934394E-4	0.01623513344037828	0.03123996019390625	2.5647731661516867E-4
4	4	0.0024642620529104877	0.0016937762882404633	0.9835814551625323	5.165649960933147E-4	8.891244057268908E-4	5.893129831874823E-4	7.446793080290191E-4	7.69303321177226E-4	0.0016827305904906656	9.765354955439016E-4	5.135673172619391E-4	5.396894835101731E-4	0.0020592112295253614	0.0026799051869681326	2.998821788027907E-4
5	5	0.002506683842155876	0.0017229343157496356	0.983298813124528	5.254575614639228E-4	9.044305084638661E-4	5.994578909268292E-4	7.574988166617547E-4	7.825467273799929E-4	0.00171169846847355	9.93346363094971E-4	5.224082781777939E-4	5.489801324086459E-4	0.002094660148071783	0.0027260392305877685	3.050445918556536E-4
6	6	0.0018181164300799587	0.0012496570707213233	0.9878865049714382	3.811182765616202E-4	6.559901730126016E-4	4.347912657775749E-4	5.494195243842088E-4	5.675869602810461E-4	0.0012415076271437273	7.20481503542892E-4	3.7890660872012995E-4	3.981793721785053E-4	0.0015192725810079283	0.0019772165244068105	2.2125111074351082E-4
7	7	0.13577384702615924	0.001219210874242581	0.8541816072854239	3.7183284762139343E-4	6.400078638146571E-4	4.2419816738661865E-4	5.360336642305883E-4	5.537584752379342E-4	0.0012112599807841892	7.029279507081893E-4	3.696750640616197E-4	3.8847827282639954E-4	0.001482257568977921	0.0019290443304557465	2.1586062806897306E-4
8	8	0.12797877466236668	0.00114921332169763	0.8281060517006185	3.504851137394377E-4	6.032636179889471E-4	3.9984402641033925E-4	5.05258803728173E-4	0.03496927319501096	0.001141718906355035	6.62571325611995E-4	3.484512132349227E-4	3.661748888185833E-4	0.0013971579325970207	0.0018182936926987626	2.034675991230733E-4
9	9	0.06899058269144714	0.0016655887467578944	0.8007945310308989	5.079684078916052E-4	8.74327746189505E-4	5.795057351611979E-4	7.322864796301257E-4	7.565007040731173E-4	0.0016547268696612066	9.602841552807553E-4	5.050206159295862E-4	5.307080614594769E-4	0.0020249421809168727	0.11912813498492492	2.948915897777973E-4
10	10	0.002550591780780957	0.001753113827389172	0.9830062693757067	5.346616573179096E-4	9.20272825148737E-4	6.09958202071173E-4	7.707674271626906E-4	7.962540857230009E-4	0.001741681169137445	0.0010107461605527587	5.315589617341761E-4	5.585962577272088E-4	0.0021313509375822937	0.002773789473842724	3.103878581231664E-4
11	11	0.23011383255982498	0.024951146124852715	0.7058221660473526	6.923090761414089E-4	0.0011916194487796216	7.898071492148937E-4	9.980317049397263E-4	0.0010310332205717486	0.02493634249537272	0.0013087692581809475	6.882915366681316E-4	7.233009022250271E-4	0.002759789445034694	0.003591653902544577	4.019071282962599E-4
12	12	0.002795419434988148	0.0019213927143329943	0.9813750654973264	5.859830645074181E-4	0.0010086084963876693	6.685072168146443E-4	8.447522892458635E-4	8.726853756806452E-4	0.0019088626515800006	0.0011077662377566803	5.825825456156943E-4	6.122151129508361E-4	0.002335936263337871	0.0030400415551293586	3.4018154434582867E-4
13	13	0.09776518628789022	0.015051189477556447	0.7951804729051652	4.1761909572792856E-4	7.188162827862613E-4	4.764325051073073E-4	6.02039049448483E-4	6.219464341569295E-4	0.028724108608591523	7.894841378713905E-4	4.1519560994722406E-4	4.3631418269130407E-4	0.001664777788063342	0.05689397665412535	2.4244098087110633E-4
14	14	0.001454818426509299	9.999492349469943E-4	0.9903070367302024	3.0496280779824847E-4	5.249095027790848E-4	3.4791080190100886E-4	4.396339171320121E-4	4.5417111621776204E-4	9.934282220534676E-4	5.765141054620065E-4	3.0319307783162775E-4	3.186147367227288E-4	0.0012156898805669287	0.0015821269668517303	1.7704047302468585E-4
15	15	0.038791837479996226	0.001234246240513154	0.8030551784267038	3.7641830791667734E-4	6.47900471116473E-4	4.294293992864537E-4	5.426440567765627E-4	0.03755672959887225	0.013558244678886281	7.115964915028951E-4	3.7423391446780304E-4	3.9326900529401557E-4	0.10015691590056287	0.0019528333965421136	2.1852263156236314E-4
16	16	0.28281210948262536	0.001753113827389172	0.685228406817497	5.346616573179096E-4	9.20272825148737E-4	6.09958202071173E-4	7.707674271626906E-4	7.962540857230009E-4	0.001741681169137445	0.0010107461605527587	5.315589617341761E-4	5.585962577272088E-4	0.01964769579394757	0.002773789473842724	3.103878581231664E-4
17	17	0.0021704144933187173	0.09092452892078971	0.4191320058494825	4.549679093332945E-4	0.015688556093238114	5.190411621606308E-4	6.558810419986799E-4	6.77568798362666E-4	0.0014820756816987632	8.60089855405345E-4	4.5232768461602146E-4	4.7533494886175604E-4	0.03162457162511029	0.4346185127972613	2.6412313836219036E-4
18	18	0.0021075854566959917	0.001448619584826999	0.8556921239392548	0.08728562871300889	7.604327893984455E-4	5.040159878050044E-4	6.368946345015221E-4	6.5795457491466E-4	0.0014391726382617838	8.351920226685813E-4	4.392337282543693E-4	4.6157497950934394E-4	0.0017611615755259813	0.045713932058758545	2.5647731661516867E-4
19	19	0.0014404270415619219	0.010882278212251397	0.8222351698331047	3.0194604839949094E-4	5.197169821322604E-4	3.4446919146614396E-4	4.3528496139837386E-4	4.496783553024685E-4	9.836010108354575E-4	5.708111006965225E-4	3.00193824992272E-4	3.154629294301267E-4	0.011095884703791801	0.001566476217726823	0.14855859958691017
20	20	0.043037790004642425	0.001369340406744498	0.9319989636132846	4.1761909572792856E-4	7.188162827862613E-4	4.764325051073073E-4	6.02039049448483E-4	6.219464341569295E-4	0.001360410466967624	7.894841378713905E-4	4.1519560994722406E-4	4.3631418269130407E-4	0.001664777788063342	0.015848429441689505	2.4244098087110633E-4
21	21	0.0018411045081795558	0.00126545760684991	0.9624455478337616	3.8593709705178923E-4	6.642844456346903E-4	4.402887220511965E-4	5.56366328630091E-4	5.747634717273894E-4	0.0012572051225416268	7.295911979490037E-4	3.836974651084245E-4	4.032139114158442E-4	0.014182379781095952	0.014646113920855155	2.240485871477974E-4
22	22	0.05176221899996	0.0012496570707213233	0.8879982998316781	3.811182765616202E-4	6.559901730126016E-4	4.347912657775749E-4	5.494195243842088E-4	0.013053612602751057	0.0012415076271437273	7.20481503542892E-4	3.7890660872012995E-4	3.981793721785053E-4	0.03897734950841796	0.0019772165244068105	2.2125111074351082E-4
23	23	0.0019922427922065807	0.001369340406744498	0.9867263598965325	4.1761909572792856E-4	7.188162827862613E-4	4.764325051073073E-4	6.02039049448483E-4	6.219464341569295E-4	0.001360410466967624	7.894841378713905E-4	4.1519560994722406E-4	4.3631418269130407E-4	0.001664777788063342	0.0021665803708775556	2.4244098087110633E-4
24	24	0.0019653531273473657	0.001350858169158005	0.7574534115091022	4.119824145127366E-4	0.06819502756235796	4.700020085631676E-4	5.939132184327263E-4	6.135519095335826E-4	0.001342048758409396	7.788283262594359E-4	4.095916389622757E-4	4.304251704726192E-4	0.0016423079781781186	0.1641035294980412	2.3916871066926868E-4
25	25	0.0016530011155533168	0.0011361673530834277	0.7051844591340912	3.4650637653959785E-4	5.964153174360539E-4	3.9530496258238085E-4	4.995230622683107E-4	5.160405917880756E-4	0.0011287580149893254	0.22769677243799535	3.4449556504879806E-4	3.6201803994062256E-4	0.001381297275403438	0.05855808293586782	2.0115781741235873E-4
26	26	0.0013226697701002206	0.019076149573595966	0.8367677360501397	2.7726146406288236E-4	4.77229267043378E-4	3.1630827048976026E-4	3.9969970238587775E-4	4.129164127479988E-4	9.031900161089499E-4	5.241463576733797E-4	2.756524877910419E-4	2.896733179155264E-4	0.13735799411610145	0.0014384142195230584	1.609589743208403E-4
27	27	0.002550591780780957	0.001753113827389172	0.7728101310993234	5.346616573179096E-4	0.07098565225060982	6.09958202071173E-4	0.018287112283527966	7.962540857230009E-4	0.001741681169137445	0.0010107461605527587	5.315589617341761E-4	5.585962577272088E-4	0.01964769579394757	0.10787185861203437	3.103878581231664E-4
28	28	0.4189188289862111	0.12684847815665454	0.43916771822242556	6.34724068345956E-4	0.0010925027137663544	7.241124293104065E-4	9.150172458062679E-4	9.452737554858569E-4	0.002067638369622488	0.0011999082154298553	6.310407004874387E-4	6.631380507927879E-4	0.0025302351864196146	0.0032929066737355283	3.6847722550633754E-4
29	29	0.03400900114034291	0.0015863875581253472	0.9529214449016307	4.8381376481352863E-4	8.32752179059013E-4	5.519493872130711E-4	6.974651831251247E-4	7.205279856691433E-4	0.001576042179220973	9.146212347841553E-4	4.810061446842552E-4	5.054721144910052E-4	0.001928653209252662	0.002509993955564376	2.808690620238091E-4
30	30	0.002506683842155876	0.0017229343157496356	0.7250767470381413	0.10381428399601865	9.044305084638661E-4	5.994578909268292E-4	7.574988166617547E-4	7.825467273799929E-4	0.00171169846847355	9.93346363094971E-4	5.224082781777939E-4	5.489801324086459E-4	0.002094660148071783	0.15765927888241985	3.050445918556536E-4
31	31	0.0023080230180566965	0.0015863875581253472	0.6676126418010548	4.8381376481352863E-4	8.32752179059013E-4	5.519493872130711E-4	6.974651831251247E-4	7.205279856691433E-4	0.001576042179220973	9.146212347841553E-4	4.810061446842552E-4	5.054721144910052E-4	0.001928653209252662	0.3195197751784265	2.808690620238091E-4
32	32	0.05667093661215226	7.937570247404977E-4	0.9367896460737913	2.4207866011045798E-4	4.166717575477982E-4	2.761706628103616E-4	3.489802260373891E-4	3.6051981573963714E-4	7.885806621695171E-4	4.576353529554018E-4	2.4067385320246187E-4	2.529155247295291E-4	9.650113714593594E-4	0.0012558881491984005	1.4053425335554568E-4
33	33	0.0017112809414950702	0.0011762251818140757	0.8710750497223431	3.587231446484783E-4	6.174431198749735E-4	4.0924222142415775E-4	5.171347364825437E-4	0.059295866617253556	0.0011685546128409347	6.781448345739004E-4	3.566414380187806E-4	3.7478170244332565E-4	0.060191629637762194	0.0018610320546290269	2.082500343959456E-4
34	34	0.06945126640158311	0.001350858169158005	0.9194196033672679	4.119824145127366E-4	7.091142881222168E-4	4.700020085631676E-4	5.939132184327263E-4	6.135519095335826E-4	0.001342048758409396	7.788283262594359E-4	4.095916389622757E-4	4.304251704726192E-4	0.0016423079781781186	0.002137337639875415	2.3916871066926868E-4
35	35	0.019065084835084626	0.0016655887467578944	0.9672128572187739	5.079684078916052E-4	8.74327746189505E-4	5.795057351611979E-4	7.322864796301257E-4	7.565007040731173E-4	0.0016547268696612066	9.602841552807553E-4	5.050206159295862E-4	5.307080614594769E-4	0.0020249421809168727	0.0026353066534123885	2.948915897777973E-4
36	36	9.269369874868886E-4	6.371172612279677E-4	0.3954392722557373	1.9430693288255833E-4	0.331355857805811	2.216712304105584E-4	2.801125771558977E-4	2.8937494782807456E-4	6.329624004310831E-4	3.673257352416652E-4	1.9317935013131373E-4	2.0300525402013574E-4	0.2108458569719616	0.05830021902201175	1.1280126766232372E-4
37	37	0.0016719815946299467	0.01263164905512824	0.931447973301494	3.504851137394377E-4	6.032636179889471E-4	3.9984402641033925E-4	5.05258803728173E-4	5.219659947191237E-4	0.001141718906355035	6.62571325611995E-4	3.484512132349227E-4	3.661748888185833E-4	0.04732690086631946	0.0018182936926987626	2.034675991230733E-4
38	38	0.09353146746207484	0.00114921332169763	0.3343613151631022	3.504851137394377E-4	6.032636179889471E-4	3.9984402641033925E-4	0.03495256600402001	5.219659947191237E-4	0.3111674837089815	6.62571325611995E-4	3.484512132349227E-4	3.661748888185833E-4	0.0013971579325970207	0.21998457262788038	2.034675991230733E-4
39	39	0.15028207410303265	0.01840733628028451	0.6584247287921592	2.675406264183233E-4	4.6049752164976465E-4	3.0521844466973615E-4	3.856861577102625E-4	0.1494042168647942	8.715240089396644E-4	5.057696905005685E-4	2.65988061148875E-4	2.7951731840461367E-4	0.001066511797046619	0.018918074610001213	1.553157232397857E-4
40	40	0.15028207410303265	0.01840733628028451	0.6145995001518637	2.675406264183233E-4	4.6049752164976465E-4	3.0521844466973615E-4	3.856861577102625E-4	0.16693430832091238	8.715240089396644E-4	5.057696905005685E-4	2.65988061148875E-4	2.7951731840461367E-4	0.001066511797046619	0.0452132117941785	1.553157232397857E-4
41	41	0.0961789539357031	0.0010525285868489016	0.8530841059291531	3.20998368632562E-4	5.525103053985695E-4	3.662046550730627E-4	4.627507570965162E-4	4.7805235149323233E-4	0.0010456646859169597	0.04267244536719708	3.191355826872633E-4	3.353681435735935E-4	0.0012796133116772133	0.0016653184006128689	1.8634961893601655E-4
42	42	0.003459579628152614	0.0023778939965105684	0.976949990697407	7.252060449457731E-4	0.0012482425224675502	8.273370069685989E-4	0.0010454559248360756	0.0010800255981994599	0.002362386931882925	0.0013709590270894448	7.209976010408229E-4	7.576705328375326E-4	0.002890928426753569	0.003762321210629886	4.2100485027833173E-4
43	43	0.11419234721231006	0.0012496570707213233	0.863026248546738	3.811182765616202E-4	6.559901730126016E-4	4.347912657775749E-4	5.494195243842088E-4	5.675869602810461E-4	0.0012415076271437273	7.20481503542892E-4	3.7890660872012995E-4	3.981793721785053E-4	0.0015192725810079283	0.01446324216687682	2.2125111074351082E-4
44	44	0.10645684546273718	8.772448241663208E-4	0.47435876850291825	2.675406264183233E-4	4.6049752164976465E-4	3.0521844466973615E-4	3.856861577102625E-4	3.984394877895895E-4	0.02716666119311695	0.20210182143585975	2.65988061148875E-4	2.7951731840461367E-4	0.14130724344599216	0.0452132117941785	1.553157232397857E-4
45	45	0.0021704144933187173	0.0014918042503210263	0.9855392620957841	4.549679093332945E-4	7.831019814933347E-4	5.190411621606308E-4	6.558810419986799E-4	6.77568798362666E-4	0.0014820756816987632	8.60089855405345E-4	4.5232768461602146E-4	4.7533494886175604E-4	0.0018136634016207227	0.00236034355666269	2.6412313836219036E-4
46	46	0.0021704144933187173	0.0014918042503210263	0.9855392620957841	4.549679093332945E-4	7.831019814933347E-4	5.190411621606308E-4	6.558810419986799E-4	6.77568798362666E-4	0.0014820756816987632	8.60089855405345E-4	4.5232768461602146E-4	4.7533494886175604E-4	0.0018136634016207227	0.00236034355666269	2.6412313836219036E-4
47	47	0.014485002181215866	0.20356782037543086	0.6716359013539266	3.8593709705178923E-4	6.642844456346903E-4	4.402887220511965E-4	5.56366328630091E-4	0.051150354163872626	0.0012572051225416268	7.295911979490037E-4	3.836974651084245E-4	0.05097880460356108	0.0015384821080596423	0.0020022162478188464	2.240485871477974E-4
48	48	0.018642981595950344	8.696225428124189E-4	0.1835038399287184	2.65215996084827E-4	0.5826119409970567	3.025664360222255E-4	3.8233497417815466E-4	3.949774920105628E-4	8.639514351041543E-4	0.0352569240511975	2.636769208799286E-4	2.7708862394501066E-4	0.061879455635190435	0.11433145716841447	1.5396620243486847E-4
49	49	0.010312511354876994	9.009350344923281E-4	0.9732633306129049	2.7476562625417314E-4	4.729333694791953E-4	3.134609431723343E-4	3.961017064194486E-4	4.091994432864969E-4	8.950597272558904E-4	5.194281242859885E-4	2.7317113358114853E-4	2.8706575172715825E-4	0.0010953132081136076	0.01042721390194245	1.5951006220779634E-4
50	50	8.611538283750133E-4	5.919021206800515E-4	0.10715844527751042	1.805172966344583E-4	0.08902110861501465	0.006119966115580765	0.5620927528200261	2.6883849444133974E-4	5.880421233664229E-4	3.4125724556708433E-4	0.006093496256128293	1.8859831254943284E-4	0.18405442805663116	0.04233469748609316	1.0479595140153869E-4
51	51	0.0015642155663470744	0.0010751418392561437	0.6780501279877599	0.20443246799541714	5.643808190831293E-4	3.7407244926064516E-4	4.7269281454048E-4	4.883231589784298E-4	0.0010681304695274285	6.198659032289658E-4	3.259921123564906E-4	3.4257342481225556E-4	0.001307105409433203	0.10912455676691374	1.9035328308504405E-4
52	52	0.011679248859213304	0.0010203377345949433	0.9187460301858772	3.111808575573062E-4	5.356121633128306E-4	3.5500454127714064E-4	4.4859784815111777E-4	4.6343145396241284E-4	0.011208451123162516	5.882689598340615E-4	0.05128321185301971	3.2511114296063855E-4	0.0012404772316000716	0.0016143857995797504	1.8065024589693357E-4
53	53	0.0013347943956031126	9.174523846920336E-4	0.3219316268218032	2.798030594740267E-4	4.8160392372089637E-4	3.192077994650579E-4	0.2754068250776071	4.167015275073599E-4	0.02841181550365032	5.289510930949908E-4	2.781793340673832E-4	2.9232869008573927E-4	0.0011153942030179404	0.36812288173605384	1.6243445015697583E-4
54	54	8.820189625154155E-4	0.006663562583611402	0.5216525158611338	1.8489110011164674E-4	0.0063755582223209845	2.109293633824294E-4	2.6653872703947835E-4	0.036619266873678696	6.022899585149932E-4	3.495256616973098E-4	1.8381815838871532E-4	1.931679131949098E-4	0.055252913406250465	0.3704556681266849	1.073350814748384E-4
55	55	0.04985949020148601	0.0015863875581253472	0.9212204667793445	4.8381376481352863E-4	8.32752179059013E-4	5.519493872130711E-4	6.974651831251247E-4	7.205279856691433E-4	0.017426531240364078	9.146212347841553E-4	4.810061446842552E-4	5.054721144910052E-4	0.001928653209252662	0.002509993955564376	2.808690620238091E-4
56	56	0.14271597022968002	0.17020907911844887	0.3252148360310792	4.293681974752546E-4	0.1836070213111835	4.898362360082668E-4	6.189765365514241E-4	6.394439863786722E-4	0.0013986836234349302	8.116951180651553E-4	4.2687653047076993E-4	4.4858924333551666E-4	0.0017116138734309214	0.17102874826159087	2.492617028666155E-4
57	57	0.002907036337801353	0.0019981110418860882	0.9806313998140062	6.093804888590827E-4	0.001048880719979172	6.951997067198104E-4	8.78481980393406E-4	9.075303930489475E-4	0.00198508067253186	0.001151997681150062	6.058441923513415E-4	6.366599436290983E-4	0.0024292066926764754	0.0031614258520831417	3.537644828840861E-4
58	58	0.1705239489810895	0.0012982884597194635	0.7928361613288673	3.9594979442041214E-4	6.815185471803394E-4	4.5171151027858673E-4	5.708006178373744E-4	5.896750538087904E-4	0.0012898218741274497	7.485196086244204E-4	3.936520577832066E-4	4.136748360086511E-4	0.0015783962699080821	0.02799801978839571	2.2986127195087917E-4
59	59	0.1447521653367583	0.001427951455633781	0.8434835665288509	4.354941931954751E-4	7.495833412074469E-4	4.96824957350556E-4	6.278077626089837E-4	6.485672310598349E-4	0.0014186392930478355	8.232759497351058E-4	4.329669764192667E-4	4.5498947465439233E-4	0.0017360342644262563	0.002259315199569249	2.5281803548266534E-4
60	60	0.041803814272937244	8.13102869658746E-4	0.919000716704128	2.479787228129523E-4	4.268270909207142E-4	2.8290163292737675E-4	3.5748574740226995E-4	3.6930658578118063E-4	0.02518030265514827	4.6878907165197325E-4	2.465396772453474E-4	2.590797089399737E-4	9.88531113338434E-4	0.009410664722337618	1.4395942476994297E-4
61	61	0.002850135520799119	0.0019590010557926593	0.922290071352938	5.974527921769259E-4	0.0010283504744061686	0.059402031594650635	8.612870311056612E-4	8.897668652432031E-4	0.001946225736109622	0.0011294490778217341	5.939857132974049E-4	6.241982930903608E-4	0.0023816586645754134	0.00309954574706472	3.4684008092848424E-4
62	62	0.0022371046136423546	0.0015376427780582319	0.939004570613043	4.689476651404151E-4	0.016170616868625937	5.349896907315419E-4	6.760342365813431E-4	6.983883905785539E-4	0.0015276152806304375	8.865177548331707E-4	4.662263144886174E-4	4.89940520761135E-4	0.03259629683859115	0.0024328696093054106	2.7223882498880216E-4
63	63	0.027476307474391257	0.0012816628204024131	0.7570716235312328	3.908793353707211E-4	6.727911480661636E-4	4.4592697711954237E-4	5.634910518290897E-4	5.821237853017857E-4	0.0012733046563227727	7.389342064423672E-4	3.8861102311935964E-4	4.083773933898467E-4	0.001558183622336263	0.053251108506901096	0.15389667446777464
64	64	0.04985949020148601	0.0015863875581253472	0.9370709558404876	4.8381376481352863E-4	8.32752179059013E-4	5.519493872130711E-4	6.974651831251247E-4	7.205279856691433E-4	0.001576042179220973	9.146212347841553E-4	4.810061446842552E-4	5.054721144910052E-4	0.001928653209252662	0.002509993955564376	2.808690620238091E-4
65	65	0.0016914030211192792	0.0011625623693902584	0.6170247194524882	3.54556283478362E-4	0.1748474745086463	4.0448854007667885E-4	5.111277957949587E-4	5.280290544016751E-4	0.0011549809003162561	6.702676306046113E-4	3.524987575647744E-4	3.704283080597225E-4	0.059492454889644435	0.14122917744759333	2.0583104082124842E-4
66	66	0.0010036016743944706	6.898116687387579E-4	0.23516080299821607	0.5171325628457085	0.007254402885934491	2.400051147039439E-4	3.0328000203636897E-4	3.133084406907175E-4	6.853131695862593E-4	3.977063467239511E-4	2.0915674082210955E-4	2.1979532114459386E-4	0.007730935442268794	0.22853718656492375	1.221307841071864E-4
67	67	0.003027937331261507	0.002081210660169649	0.9798258773738601	6.34724068345956E-4	0.0010925027137663544	7.241124293104065E-4	9.150172458062679E-4	9.452737554858569E-4	0.002067638369622488	0.0011999082154298553	6.310407004874387E-4	6.631380507927879E-4	0.0025302351864196146	0.0032929066737355283	3.6847722550633754E-4
68	68	0.002966255401079935	0.0020388144423522064	0.9802368432186458	6.217941423319432E-4	0.0010702474063602268	7.093615783442392E-4	8.963774842471201E-4	9.260176403785936E-4	0.0020255186321236083	0.0011754649569765492	6.181858081396568E-4	6.496293052426601E-4	0.0024786919168478263	0.0032258270689343393	3.609709979954425E-4
69	69	0.009704720269523704	4.5268743492723595E-4	0.9639505137116071	1.3805983982548346E-4	0.004760686406431483	1.5750284413627651E-4	1.990268538622894E-4	2.0560799531943902E-4	0.004972789711110702	0.013830157160917483	1.3725866463467902E-4	1.4424021025894804E-4	5.503554725255754E-4	7.162453585869114E-4	8.014806633268521E-5
70	70	0.0019136941678883559	0.00131535110102639	0.8032559404886065	4.011535295897185E-4	6.904753444371436E-4	4.576480888689556E-4	5.783023144957854E-4	5.974248060733649E-4	0.17215812398163055	7.583569614080376E-4	3.9882559515188936E-4	4.1911152097005204E-4	0.014741551798543601	0.0020811580979131195	2.328822033966529E-4
71	71	0.0016530011155533168	0.0011361673530834277	0.9889866124830181	3.4650637653959785E-4	5.964153174360539E-4	3.9530496258238085E-4	4.995230622683107E-4	5.160405917880756E-4	0.0011287580149893254	6.550497588537575E-4	3.4449556504879806E-4	3.6201803994062256E-4	0.001381297275403438	0.0017976522660824153	2.0115781741235873E-4
72	72	0.0011457442197985081	7.875113726607285E-4	0.9608924199976183	2.4017387181900202E-4	4.1339318898336847E-4	2.7399762267239666E-4	3.4623428615073256E-4	3.5768307695586586E-4	7.823757401351515E-4	0.024059439713979235	2.3878011858979316E-4	0.008119393883692736	9.574182099611962E-4	0.0012460062329614225	1.3942846402154158E-4
73	73	0.0011023742355201862	7.577016164681098E-4	0.9850846308051355	2.3108254334894816E-4	3.9774497029968436E-4	2.636259599729424E-4	3.3312824093794145E-4	3.4414365938243417E-4	0.008323382784128319	4.3684784622929787E-4	2.2974154801682844E-4	2.4142715710780043E-4	9.211769512262418E-4	0.0011988410194692422	1.3415066275658885E-4
74	74	0.002907036337801353	0.0019981110418860882	0.9806313998140062	6.093804888590827E-4	0.001048880719979172	6.951997067198104E-4	8.78481980393406E-4	9.075303930489475E-4	0.00198508067253186	0.001151997681150062	6.058441923513415E-4	6.366599436290983E-4	0.0024292066926764754	0.0031614258520831417	3.537644828840861E-4
75	75	0.002596065356841048	0.019613006875862316	0.9292173820609542	5.441939461473733E-4	0.018765317453366348	6.208329256958476E-4	7.845091601549421E-4	8.104502111097126E-4	0.0017727329711992195	0.0010287663873705787	5.410359337290599E-4	5.685552678691072E-4	0.0021693500206583075	0.020651879778337556	3.1592165070449857E-4
76	76	0.013307216587315247	0.11732069803134992	0.4195558888271567	3.54556283478362E-4	6.102710157067755E-4	4.0448854007667885E-4	5.111277957949587E-4	5.280290544016751E-4	0.0011549809003162561	6.702676306046113E-4	3.524987575647744E-4	3.704283080597225E-4	0.013029200624860567	0.12961336388139738	0.3022169837619164
77	77	0.0012990695337627388	8.928973972001697E-4	0.9288946633067402	2.7231432137687055E-4	0.009390153499339266	3.106644203710017E-4	3.925679090588003E-4	0.04501274567648484	8.870745061610587E-4	5.147940777648544E-4	2.707340538735642E-4	2.8450471202612826E-4	0.010006980813974305	0.0014127487690082513	1.5808700285790844E-4
78	78	0.0014124818766564553	9.708497955501318E-4	0.9808888052781415	2.960881105299491E-4	5.09634155060291E-4	3.3778627863361626E-4	4.268401671282267E-4	4.4095432039423726E-4	9.645185501096612E-4	5.59737016498868E-4	2.943698813276799E-4	3.0934275580791587E-4	0.0011803121906116864	0.011236391190584259	1.7188843296552544E-4
79	79	0.13838215029005474	0.001514376723074711	0.6070457477268929	4.6185202347562694E-4	7.949510884635091E-4	5.268947679459679E-4	6.658051704136428E-4	6.878210839668241E-4	0.0015045009515938213	0.01600409222947672	4.5917184954887724E-4	4.825272364422125E-4	0.0018411059214477232	0.22936088335470722	2.6811958249553774E-4
80	80	7.06547766026354E-4	0.09753083463885638	0.28201029960642787	1.4810837328200393E-4	2.5492778328663554E-4	1.6896651525744472E-4	0.335019448827592	2.205729469122202E-4	4.824687934999315E-4	0.005132250040013184	1.472488854369221E-4	1.5473857517371778E-4	0.27716922920460424	7.68376488522567E-4	8.598155510854827E-5
81	81	0.0021704144933187173	0.0014918042503210263	0.9855392620957841	4.549679093332945E-4	7.831019814933347E-4	5.190411621606308E-4	6.558810419986799E-4	6.77568798362666E-4	0.0014820756816987632	8.60089855405345E-4	4.5232768461602146E-4	4.7533494886175604E-4	0.0018136634016207227	0.00236034355666269	2.6412313836219036E-4
82	82	0.11361924241642796	0.0018503478188888112	0.7971850932670144	5.643159137789718E-4	9.713144624114594E-4	6.437886754316217E-4	8.13516957906252E-4	8.404171981194421E-4	0.0757897381654368	0.0010668057740519242	5.610411315507195E-4	5.895780131198211E-4	0.0022495633181533014	0.0029276338038045006	3.2760308390419006E-4
83	83	0.059010979298386355	8.265326489215994E-4	0.7442374855588334	2.5207451392811586E-4	0.0334672844817506	0.02506262994604921	0.03339679784779968	3.7540631327253834E-4	0.02559619825587639	4.765319218964525E-4	2.506117000711059E-4	2.6335885175496386E-4	0.001004858388941544	0.07563291311256896	1.4633715994910807E-4
84	84	0.07808717903348725	0.0018852011621054076	0.9063814722846141	5.749454267952527E-4	9.896102422557054E-4	6.559151456199408E-4	8.288404476074775E-4	8.56247383532246E-4	0.0018729071169125708	0.001086900238135335	5.716089604296746E-4	6.00683365656494E-4	0.0022919363258736263	0.00298277901744211	3.337738495329923E-4
85	85	5.941179849493913E-4	4.0835874339580097E-4	0.22489483921599474	1.2454055128263513E-4	0.04917606090418166	0.10622576001098137	1.7953746818329095E-4	1.8547416191101414E-4	0.03304682812032079	0.13896024933277312	1.238178298883261E-4	0.2204577595858798	0.14330141715320951	0.08224893924165623	7.22996953924278E-5
86	86	0.009868349386815318	0.009476172383685469	0.6384672930256208	2.6293141467242904E-4	4.5256403276563344E-4	2.9996011639612423E-4	3.7904152510942767E-4	3.9157513977735025E-4	0.035312672541955616	0.05218130107864722	2.6140559712414747E-4	2.747017712317632E-4	0.018276219454652663	0.23394317260026157	1.5263993128451257E-4
87	87	0.002048291625965517	0.001407864793991501	0.6768840325403654	4.293681974752546E-4	0.1554734855904406	4.898362360082668E-4	6.189765365514241E-4	6.394439863786722E-4	0.0013986836234349302	8.116951180651553E-4	4.2687653047076993E-4	4.4858924333551666E-4	0.0017116138734309214	0.0303610696578764	0.12685017244620966
88	88	0.001222711131144576	0.009237456891883739	0.4124574958045832	2.56307875185989E-4	0.40349924576657925	2.9240378206543146E-4	0.05914879671432048	3.817109194693479E-4	8.349328843823083E-4	4.8453484033854284E-4	2.54820494706145E-4	2.6778172316137413E-4	0.04300695097762567	0.0013297083801002097	0.0673251418144538
89	89	0.19858493340526323	0.0019590010557926593	0.7852757128338131	5.974527921769259E-4	0.0010283504744061686	6.815922293113963E-4	8.612870311056612E-4	8.897668652432031E-4	0.001946225736109622	0.0011294490778217341	5.939857132974049E-4	6.241982930903608E-4	0.0023816586645754134	0.00309954574706472	3.4684008092848424E-4
90	90	8.316436526744047E-4	5.716187113711812E-4	0.7146022238569185	0.01159705846785262	0.017434154082353697	1.9888242053138914E-4	2.5131573124248307E-4	0.04023917098558496	5.678909891461322E-4	3.295629803336667E-4	1.7331963502723637E-4	1.821353913421101E-4	0.052097218630119436	0.16082259968078494	1.0120478471717588E-4
91	91	0.003027937331261507	0.002081210660169649	0.9798258773738601	6.34724068345956E-4	0.0010925027137663544	7.241124293104065E-4	9.150172458062679E-4	9.452737554858569E-4	0.002067638369622488	0.0011999082154298553	6.310407004874387E-4	6.631380507927879E-4	0.0025302351864196146	0.0032929066737355283	3.6847722550633754E-4
92	92	0.0018888698627029523	0.0012982884597194635	0.935527382121348	3.9594979442041214E-4	6.815185471803394E-4	4.5171151027858673E-4	5.708006178373744E-4	5.896750538087904E-4	0.0012898218741274497	7.485196086244204E-4	3.936520577832066E-4	4.136748360086511E-4	0.0015783962699080821	0.05394187811430133	2.2986127195087917E-4
93	93	0.0023080230180566965	0.0015863875581253472	0.9370709558404876	4.8381376481352863E-4	8.32752179059013E-4	5.519493872130711E-4	6.974651831251247E-4	7.205279856691433E-4	0.001576042179220973	9.146212347841553E-4	4.810061446842552E-4	5.054721144910052E-4	0.001928653209252662	0.05006146113899369	2.808690620238091E-4
94	94	0.002742764624899256	0.0018852011621054076	0.887545368682467	5.749454267952527E-4	0.09517012825299069	6.559151456199408E-4	8.288404476074775E-4	8.56247383532246E-4	0.0018729071169125708	0.001086900238135335	5.716089604296746E-4	6.00683365656494E-4	0.0022919363258736263	0.00298277901744211	3.337738495329923E-4
95	95	0.0024642620529104877	0.0016937762882404633	0.8481936937481416	5.165649960933147E-4	8.891244057268908E-4	5.893129831874823E-4	7.446793080290191E-4	7.69303321177226E-4	0.0016827305904906656	0.01790000567234273	5.135673172619391E-4	5.396894835101731E-4	0.0020592112295253614	0.12114419642455995	2.998821788027907E-4
96	96	9.89955541545183E-4	6.80432188898534E-4	0.3747334670667337	0.013804677350635572	3.571834543866085E-4	0.06142396309999055	2.9915625523132546E-4	0.11588491092961879	6.759948565601446E-4	0.0819752605008469	2.0631280308824255E-4	2.1680672892866254E-4	0.02122297697893023	0.32740843209234805	1.204701522574838E-4
97	97	0.0885244793848479	5.849829117725873E-4	0.5851869970452875	1.7840708813344895E-4	3.0707867821818665E-4	2.035322062564269E-4	0.04117144110668389	2.6569583007096946E-4	5.811680370001054E-4	0.12308001718569524	1.7737177378673627E-4	1.8639363870466696E-4	0.08253969335272646	0.07690917085162159	1.03570909194272E-4
98	98	0.016344980533179492	0.001427951455633781	0.9718907513324296	4.354941931954751E-4	7.495833412074469E-4	4.96824957350556E-4	6.278077626089837E-4	6.485672310598349E-4	0.0014186392930478355	8.232759497351058E-4	4.329669764192667E-4	4.5498947465439233E-4	0.0017360342644262563	0.002259315199569249	2.5281803548266534E-4
99	99	0.09229644694927674	0.0010100406055948514	0.6672689616687429	3.080404567625646E-4	0.19227598312182764	3.5142187699529836E-4	4.4407065117019906E-4	4.587545579677298E-4	0.001003453783402404	5.823322183407501E-4	3.062528668882449E-4	3.218301593559677E-4	0.0012279584805607077	0.041965625458355735	1.7882714475813514E-4
100	100	0.1294653522492749	0.0011625623693902584	0.8609568043426034	3.54556283478362E-4	6.102710157067755E-4	4.0448854007667885E-4	5.111277957949587E-4	5.280290544016751E-4	0.0011549809003162561	6.702676306046113E-4	3.524987575647744E-4	3.704283080597225E-4	0.0014133870586645995	0.0018394146532417415	2.0583104082124842E-4
101	101	0.0017956953321170812	0.001234246240513154	0.7907231310440774	3.7641830791667734E-4	6.47900471116473E-4	4.294293992864537E-4	5.426440567765627E-4	5.605874509930994E-4	0.198538955418282	7.115964915028951E-4	3.7423391446780304E-4	3.9326900529401557E-4	0.0015005368395518133	0.0019528333965421136	2.1852263156236314E-4
102	102	0.002048291625965517	0.001407864793991501	0.9722861576081658	4.293681974752546E-4	0.014805806986726129	4.898362360082668E-4	6.189765365514241E-4	6.394439863786722E-4	0.0013986836234349302	8.116951180651553E-4	4.2687653047076993E-4	4.4858924333551666E-4	0.0017116138734309214	0.0022275339371335	2.492617028666155E-4
103	103	0.001531315719899264	0.0010525285868489016	0.7584364677133492	3.20998368632562E-4	5.525103053985695E-4	3.662046550730627E-4	4.627507570965162E-4	4.7805235149323233E-4	0.0010456646859169597	0.14783648782920134	3.191355826872633E-4	3.353681435735935E-4	0.0012796133116772133	0.08579655237021627	1.8634961893601655E-4
104	104	0.020024326136881782	6.371172612279677E-4	0.5927789601328178	1.9430693288255833E-4	0.22313731929257324	2.216712304105584E-4	2.801125771558977E-4	2.8937494782807456E-4	0.12158309367993209	3.673257352416652E-4	1.9317935013131373E-4	2.0300525402013574E-4	0.038969354627407526	0.0010080515738270636	1.1280126766232372E-4
105	105	0.0026920567647750917	0.0018503478188888112	0.9820637360197692	5.643159137789718E-4	9.713144624114594E-4	6.437886754316217E-4	8.13516957906252E-4	8.404171981194421E-4	0.0018382810643348935	0.0010668057740519242	5.610411315507195E-4	5.895780131198211E-4	0.0022495633181533014	0.0029276338038045006	3.2760308390419006E-4
106	106	0.053234672583306976	0.0016937762882404633	0.8312702235713427	5.165649960933147E-4	8.891244057268908E-4	5.893129831874823E-4	7.446793080290191E-4	7.69303321177226E-4	0.0016827305904906656	9.765354955439016E-4	5.135673172619391E-4	0.017463159660309004	0.0020592112295253614	0.0872972560709623	2.998821788027907E-4
107	107	0.0010778932667874772	7.408749627022716E-4	0.6523034604155452	0.11866591641654897	3.88912051434428E-4	2.577714881653874E-4	3.257302976736599E-4	3.36501091284019E-4	7.360434622466222E-4	0.12626961004012213	2.2463956406947128E-4	2.36065665071846E-4	0.015705715624678606	0.08259969414089216	1.3117151277775564E-4
108	108	0.002596065356841048	0.001784369458169637	0.9648746568963396	5.441939461473733E-4	9.366800356736695E-4	6.208329256958476E-4	7.845091601549421E-4	8.104502111097126E-4	0.0017727329711992195	0.0010287663873705787	5.410359337290599E-4	5.685552678691072E-4	0.019997987438350986	0.0028232423606448787	3.1592165070449857E-4
109	109	6.383988665800671E-4	4.3879459222926346E-4	0.08820821920637334	1.3382282441569852E-4	2.3033914440808912E-4	0.7410897720532666	1.929187789301332E-4	1.9929794711393144E-4	4.3593306176998117E-4	2.5298411457260557E-4	1.3304623705314063E-4	1.3981352111929444E-4	5.334652268111232E-4	0.16729550607933472	7.768834602194667E-5
110	110	0.002795419434988148	0.0019213927143329943	0.9813750654973264	5.859830645074181E-4	0.0010086084963876693	6.685072168146443E-4	8.447522892458635E-4	8.726853756806452E-4	0.0019088626515800006	0.0011077662377566803	5.825825456156943E-4	6.122151129508361E-4	0.002335936263337871	0.0030400415551293586	3.4018154434582867E-4
111	111	0.02783272818860857	0.0012982884597194635	0.7798642321659144	3.9594979442041214E-4	6.815185471803394E-4	4.5171151027858673E-4	5.708006178373744E-4	5.896750538087904E-4	0.0012898218741274497	7.485196086244204E-4	3.936520577832066E-4	4.136748360086511E-4	0.0015783962699080821	0.18366116974382943	2.2986127195087917E-4
112	112	0.2761433441126546	0.001611937556735631	0.7105766066542178	4.916059597001486E-4	8.461642969924213E-4	5.608389589977275E-4	7.086983993516985E-4	7.321326461685435E-4	0.0016014255575023998	9.293519171813913E-4	4.887531206771479E-4	5.136131338507662E-4	0.0019597156608986877	0.002550419349566	2.8539267550503194E-4
113	113	0.0012652071276982794	8.696225428124189E-4	0.40072602078186925	2.65215996084827E-4	4.5649631061255534E-4	3.025664360222255E-4	3.8233497417815466E-4	3.949774920105628E-4	8.639514351041543E-4	5.013751146933702E-4	0.04370811309151009	2.7708862394501066E-4	0.218279425849459	0.33155363802156523	1.5396620243486847E-4
114	114	0.05149183162944757	0.001638324032434778	0.9350107324930669	4.996532619389853E-4	8.600155119894164E-4	5.70019564971508E-4	7.202993779469164E-4	7.441172296878955E-4	0.0016276399579178867	9.445648649014773E-4	4.967537236085335E-4	5.220206806682504E-4	0.001991795060902407	0.002592168223713607	2.90064386803935E-4
115	115	0.0019391796652055214	0.0013328682035597215	0.8805404231315901	4.064958655667421E-4	0.027334540314406686	4.6374278745600595E-4	5.860038178665438E-4	6.05380971979013E-4	0.0013241761115644257	7.684563308003499E-4	4.041369290138074E-4	4.246930113265083E-4	0.0016204366487493403	0.002108873785200544	0.08014059242571464
116	116	0.035122416084230945	0.001638324032434778	0.9350107324930669	4.996532619389853E-4	8.600155119894164E-4	5.70019564971508E-4	7.202993779469164E-4	7.441172296878955E-4	0.0016276399579178867	9.445648649014773E-4	4.967537236085335E-4	5.220206806682504E-4	0.001991795060902407	0.018961583768930236	2.90064386803935E-4
117	117	0.0017316316417510923	0.024974385104388097	0.35818216185978136	3.6298911116199587E-4	6.247858066033964E-4	4.141089651471583E-4	5.232845472815461E-4	0.4167636004390129	0.013074537240614758	6.862093913184676E-4	3.608826486978734E-4	3.7923863870839173E-4	0.0014470032997845345	0.18026445474401823	2.107265617302567E-4
118	118	0.12141404738727697	0.0014918042503210263	0.7917683586431021	4.549679093332945E-4	0.060404918428472454	5.190411621606308E-4	6.558810419986799E-4	6.77568798362666E-4	0.01638752979344354	8.60089855405345E-4	4.5232768461602146E-4	4.7533494886175604E-4	0.0018136634016207227	0.00236034355666269	2.6412313836219036E-4
119	119	0.002850135520799119	0.0019590010557926593	0.9614370309298308	5.974527921769259E-4	0.0010283504744061686	6.815922293113963E-4	0.020434766819552072	8.897668652432031E-4	0.001946225736109622	0.0011294490778217341	5.939857132974049E-4	6.241982930903608E-4	0.0023816586645754134	0.00309954574706472	3.4684008092848424E-4
120	120	0.01658155732154829	0.001448619584826999	0.8846400676689594	4.4179752389509296E-4	7.604327893984455E-4	5.040159878050044E-4	6.368946345015221E-4	6.5795457491466E-4	0.0014391726382617838	8.351920226685813E-4	4.392337282543693E-4	4.6157497950934394E-4	0.0017611615755259813	0.0022920164642016476	0.08710030850572897
121	121	0.003027937331261507	0.002081210660169649	0.9798258773738601	6.34724068345956E-4	0.0010925027137663544	7.241124293104065E-4	9.150172458062679E-4	9.452737554858569E-4	0.002067638369622488	0.0011999082154298553	6.310407004874387E-4	6.631380507927879E-4	0.0025302351864196146	0.0032929066737355283	3.6847722550633754E-4
122	122	0.0030922390337084697	0.0021254075420595133	0.9581613164201275	6.482031578097077E-4	0.0011157032548402464	7.394897825623863E-4	9.344486805543448E-4	0.022201488173868175	0.002111547028444036	0.0012253896348224066	6.4444156943401E-4	6.772205435785852E-4	0.0025839676162153808	0.0033628353023547816	3.763022596206069E-4
123	123	0.0382533401922264	0.001784369458169637	0.9470460194786469	5.441939461473733E-4	9.366800356736695E-4	6.208329256958476E-4	7.845091601549421E-4	8.104502111097126E-4	0.0017727329711992195	0.0010287663873705787	5.410359337290599E-4	5.685552678691072E-4	0.0021693500206583075	0.0028232423606448787	3.1592165070449857E-4
